siner1 = [siner11, siner12, siner13, siner14, siner15, siner16, siner17, siner18, siner19, siner110, siner111, siner112, siner113, siner114, siner115, siner116, siner117, siner118, siner119, siner120, siner121, siner122, siner123, siner124, siner125, siner126, siner127, siner128, siner129, siner130, siner131, siner 132, siner133, siner134, siner135, siner136, siner137, siner138, siner139, siner140, siner141, siner142, siner143, siner144, siner145, siner146, siner147, siner148, siner149]